21495
33703
25236
7674
8414
7388
7954
7067
17637
21653
22021
20884
7936
7931
8086
7795
8551
7084
8058
21933
21973
21242
15987
16767
16967
7154
7065
8101
8094
8064
7887
15812
7963
17444
8113
8076
21791
7336
7588
16578
6898
21631
7617
8002
7939
21745
22103
16991
16199
7350
7593
19718
7865
8198
8071
21802
22047
22754
21842
7577
7314
6982
7982
21470
21980
21132
21903
7980
16673
7082
7056
8120
8126
7906
8060
9085
21996
16715
7411
7465
21675
16413
6976
8216
16988
8045
8838
8162
8076
21730
21803
16835
7283
16527
16773
7341
7112
7820
8120
8893
