18824
17377
17166
7456
8306
8436
9142
21898
22636
7108
7060
18641
8338
8337
7377
16878
7518
6997
21758
7285
17230
8251
7177
8200
8148
22133
8302
8520
8281
8211
22128
7330
7165
8308
8310
8225
21764
17044
21699
17822
7646
7400
17143
8151
21675
21866
8226
7413
7721
9666
16220
8245
17144
8186
8239
22067
8217
7549
17556
19896
19511
8209
17939
8258
8251
21725
21964
22008
16657
10854
7243
8294
8199
8214
8120
8077
21922
21961
8947
7968
16770
8086
8299
8318
8118
21696
21793
16727
16304
17294
16531
7359
7142
8121
8311
8091
8190
8248
8117
21762
