26579
16344
14162
13446
23204
13282
13817
24091
13459
13600
27906
22265
13161
12060
22573
13350
25873
13728
21391
21567
14480
12763
15302
23442
14588
26992
27118
27014
12316
21511
26055
26225
13398
13582
13529
14394
27110
13452
12267
12579
12592
12278
13814
13356
13354
13452
27043
21850
21234
21297
21016
13073
12775
12718
22532
13802
23180
14090
13456
26986
14261
27316
27602
27055
21961
21146
26594
12178
11788
13453
13666
13516
27674
27028
27407
21718
21063
26703
12722
12049
13653
22793
13242
13384
13505
13349
27083
27711
13667
13400
13542
13491
13372
13594
13651
13321
13458
13645
13572
13446
