21009
17184
22562
16954
16644
7220
16790
7688
17588
8064
22147
22365
7141
7681
7386
21437
21986
17013
7320
8346
7328
17451
8126
17044
8164
8198
8045
22606
21818
22703
7572
16532
7759
7307
7479
7320
7308
15868
24593
7556
7118
8008
7406
16437
24507
40087
7283
7973
8028
7324
16361
7088
21674
7480
8131
7106
16548
16412
7659
7432
7710
7493
7904
7886
7603
7882
6997
8050
7348
7720
16319
16372
8149
7912
7539
22364
21842
7489
7526
16211
7703
7483
8065
21782
7306
16783
16106
7193
6920
6809
8449
7360
15800
9068
16224
6927
8038
21726
7244
7116
