139450
136413
120618
134993
125596
129291
128791
116327
132928
113498
112484
140286
122556
122409
122086
122158
121467
122488
111912
114414
128149
114485
137163
131314
117758
120614
116696
112252
117151
117052
128321
123160
107673
107542
109447
111062
115879
116414
115599
111635
124651
117678
112818
116479
123298
114930
123995
124868
123435
120185
112153
127837
113862
113192
126246
123671
115887
117528
116162
115324
116616
113729
108667
110166
110458
109235
108761
107996
115956
112026
115307
110221
111036
130404
112142
108418
113222
119471
115179
126125
111962
115947
115282
115497
122199
110969
116211
176227
115449
120631
120089
127421
112155
110129
109234
130002
117471
113267
114495
128155
