32996
41718
41092
41503
32200
43540
33277
31981
33737
52159
33745
34256
46829
47263
46791
47417
31808
32220
43969
32565
41965
43856
35105
53364
34935
34392
46165
46869
46731
46431
46256
36728
48681
32725
32086
32834
34724
44433
34988
35095
35141
45961
33867
34036
42117
33682
53429
34857
46684
46981
46356
41129
33562
32846
33586
34167
53645
44191
34244
33955
34058
34735
33980
42745
43315
34694
34886
34158
34326
34559
34691
34011
43270
34132
35183
34928
33976
34233
34976
43815
33678
35331
34694
35286
43639
33431
34126
44153
33856
34173
42832
43969
34097
33969
43125
43224
34676
44585
43993
33904
