345478
310261
278463
279415
285004
263095
273518
292825
283940
287160
280044
277186
271590
308485
276859
270392
288818
276350
270680
285828
275656
270140
269702
280146
262575
264700
271197
292548
272446
262226
265118
271727
299786
273673
279566
270583
270109
283153
266382
263214
275107
292662
287115
265626
278186
270421
269805
283907
264429
261672
264451
269925
295077
276490
272707
273666
297598
268070
271560
273190
284333
271119
272830
296719
278704
268166
273017
277533
271519
273585
277191
288332
260837
274117
278639
262940
273832
288206
283678
276407
274129
280179
269183
274772
277437
263829
272101
290001
270906
288994
273753
275480
270485
272553
266155
269721
284631
268733
280673
273440
