16426
17788
7672
22616
17322
17288
8322
21749
16852
16859
17227
8283
7387
8390
17314
7502
17173
8155
15930
17582
8419
8039
9073
22155
16177
7807
7411
7049
8170
16798
22422
22329
16168
16569
16072
7273
8376
8288
8216
22017
8079
16321
7835
7772
7325
8244
8354
8096
22106
21971
21899
7542
7768
16370
7723
7339
8399
8346
8224
22027
22183
21917
17143
8105
16813
8157
17333
8205
8210
8286
21998
22336
22008
16811
8224
8575
8111
8340
8997
8227
8381
8496
22003
16805
8275
9715
8442
8378
8363
8479
8302
8390
22219
22251
8248
8207
7960
17307
8424
8387
