23300
17003
16656
8108
7949
7368
21924
8122
7040
7761
8204
7084
8063
8057
7344
7909
7806
20887
21786
7252
16589
7592
7538
8168
8241
21984
22022
16966
8172
12387
17354
8184
17573
8207
8245
21930
22319
16849
16517
16684
19698
7522
7453
8196
8146
22070
21877
17009
16107
21660
12397
7096
7849
18325
8177
7191
8085
21773
7499
8085
7557
8172
17712
8250
8147
16816
22021
22198
22283
7422
7304
7402
7145
7182
21608
21209
7223
21957
8075
7322
6889
7132
16390
21601
21670
7342
7731
7706
7019
17468
21872
7282
7855
16240
16293
7986
7767
7664
8179
21789
