271726
224022
265580
233479
231768
216281
214758
225677
221349
238099
223342
221017
222278
216461
219848
249873
243222
233298
222617
216420
224918
231424
236714
221600
217716
228883
217784
238636
241630
225045
226810
220865
220490
221870
227612
224816
219158
220473
232919
225864
219961
218957
219963
247585
222688
224183
217915
221056
226921
225426
220944
220873
222123
223641
222461
237934
244096
227636
218214
244041
223259
223551
219214
243662
220689
223959
221640
243932
239934
249750
222682
207601
220858
241285
226726
218431
215438
210383
240300
238993
228143
221990
221196
224105
216214
219028
224207
226043
223876
219796
219912
224168
220447
212994
218792
229801
242625
218296
214238
239047
