18349
18258
18261
9141
17160
22272
22145
22107
22002
7425
7910
7472
8187
21794
21693
7344
7089
7900
21862
21791
7001
7900
7800
7229
7303
8300
7268
7983
9209
21701
21966
7927
7001
7840
8157
7364
22045
9472
7239
7040
7344
21425
21388
6993
6976
7198
7543
7316
7719
7811
7247
8006
7327
21649
7139
7049
6970
6878
8128
7397
8058
7046
8022
7934
21793
7400
16449
21559
7183
7964
7969
7813
7313
16326
7057
7825
6973
7842
7092
16023
6949
7839
7565
17127
7934
21526
7189
21374
7062
8056
6937
7816
8014
7815
21455
17222
21901
21277
7297
7277
