409100
424107
380950
436186
401750
378076
460008
428562
438116
402886
433022
385411
462944
393424
416673
412007
402066
377928
405532
372641
418843
382883
411776
400516
372245
395124
392044
415765
404763
407671
374952
380801
438593
405423
367133
379582
421208
372759
422827
405051
372315
370391
424719
379973
409645
398798
405437
440133
407666
371609
371004
401690
407739
371181
431691
422201
411606
365069
433775
428799
401941
368676
449427
383537
413052
403865
390266
395600
405522
373860
444798
385590
412589
400557
395599
383015
408672
370889
430928
406964
371111
435116
413933
400892
373320
420784
397471
401337
404379
399735
405665
371865
426508
345693
425407
474464
411033
401514
427366
430377
