49718
53005
53025
50497
53231
55494
53793
50892
54843
52921
57069
53093
53121
55057
53688
50871
53209
54014
52931
52335
53895
53098
50788
51654
53676
53146
51048
50173
53524
54745
59095
50709
53708
52227
50899
53726
51711
51127
52875
52001
54551
52709
53759
51983
53049
53976
50411
54493
52356
53068
53385
53077
52951
55262
51095
50153
54203
49530
54621
52366
54148
60695
41222
52500
53815
52331
50138
52837
49452
51189
51943
55072
57455
52384
54053
50515
53513
53907
53137
52940
52840
53457
54043
54643
63553
46000
54499
50142
53248
50968
57812
50701
53037
53197
53326
52725
52399
52751
51733
52747
