36813
52885
50723
52341
51991
50371
53203
49657
54644
53098
50898
56570
64698
51590
52777
48829
50601
52586
52522
56757
49724
53067
52181
49885
51182
53371
49064
41945
53790
53294
50050
52661
51934
50006
53849
52260
54437
52712
52123
50531
51892
52809
52616
53851
54420
50729
54836
44369
53191
53021
49746
74680
62573
51259
43389
52583
49333
50724
53763
55308
52364
52465
52885
47818
52553
58214
53099
50567
52065
51504
50342
54717
58681
51797
46908
50022
51457
52655
53304
56460
51847
59272
50720
52308
52970
52404
52867
49819
51132
56126
50303
53000
52586
50501
40313
53016
52559
52176
50920
49138
