85140
86884
86465
86722
83904
85623
86605
85386
88168
99180
86884
86355
84854
88699
85659
89457
88695
86143
87409
81499
82342
84281
82490
83475
83021
87601
88230
84835
86553
88197
85118
89511
87903
83927
84410
85465
84981
88036
85472
86424
86375
86176
82985
81665
88265
83823
85090
90332
84343
84859
84395
84602
86587
90920
111746
85352
107282
88145
105850
87021
81397
87573
86514
91345
86006
85875
84838
84809
84089
86013
88014
90959
84922
88453
82845
112742
98814
85032
85592
84067
84785
86220
98276
86803
91861
86804
85393
92266
81595
86258
85625
88176
86900
121104
86414
82549
82035
83074
86065
87101
