54220
51696
52602
53737
52634
51789
56698
62318
54047
51753
39753
49436
52169
50908
54124
53066
48942
51783
52417
71797
52184
56922
52540
51377
57842
51697
52816
50390
53576
66903
44287
49249
52154
54763
52753
52412
51691
54462
56317
53320
54545
57926
51554
53009
57106
53813
55649
53037
52137
52626
50783
50305
61612
56702
52556
51838
51733
50433
52035
49455
54042
82894
50934
52236
52488
57571
51928
52161
49022
50533
57279
52493
52670
41073
49621
53937
54465
51983
69674
52078
50634
51867
55907
51974
52392
50930
54157
52125
54122
57289
51999
51902
52999
50649
52023
52037
52954
51894
52874
43926
