236308
208403
204219
230136
256167
234244
262430
234427
236000
231469
200058
203901
231277
235525
234063
201102
195271
236330
241481
232967
231551
235080
237160
232588
232956
234337
231334
213944
206272
205050
256371
263437
204526
243143
234165
211816
250811
237803
236096
233745
233610
229868
198672
215753
231033
203839
198610
187853
271256
233822
252486
231410
240120
235027
206485
200005
205496
272336
212732
240544
239192
230691
198516
230956
259680
255857
236852
231035
205114
229684
207586
200945
212734
229773
255485
199867
204255
213322
250537
254281
232197
200348
229903
247752
238904
236188
234747
196583
205448
238763
245428
240502
233288
195500
269632
211897
236131
233650
232485
202297
