474218
485889
494353
503988
471636
499597
461190
510948
459996
482666
471789
517400
554648
493433
560880
535645
455720
483656
453207
505270
510369
454709
482555
486677
446700
513506
490321
453356
472535
517665
485900
503563
506847
482989
479500
507295
480528
490682
513664
483153
511039
492999
455436
497760
493412
449362
512941
493157
451675
510551
486800
479327
486269
495369
509828
519155
486342
516883
489457
488185
511414
484797
460013
490397
487534
462707
484506
455762
516098
465771
486604
483285
511108
560378
498108
486801
538042
495961
481213
483137
492696
511832
485857
482640
477800
493830
487537
458102
443781
506401
458771
465073
467576
483432
492414
480059
483965
521155
455450
507399
