45887
53210
53483
53039
53075
51638
52286
41871
52765
66975
52859
52951
51830
54530
52158
49179
54399
53071
52107
57356
52731
52454
52341
53160
51125
51866
51779
57176
55882
52780
53807
53707
53741
52794
53081
50202
52964
53014
49146
51153
52837
53336
55071
52390
52328
52986
51991
50816
51472
53119
51758
53162
52640
49925
51430
53445
54214
50339
52766
53316
61333
52233
56238
53033
51916
50582
51973
50595
50138
52810
53368
53645
53522
54985
52881
50957
52743
53797
52938
52014
51065
48984
55875
52227
53260
57834
50467
52155
52785
49836
52364
54162
52678
51244
50983
53800
51489
60549
50450
51920
