57941
57358
60099
59344
58986
58430
57025
59399
59508
56117
58600
62850
59386
62154
57741
58856
58340
59759
58380
58309
57114
59906
57223
57807
58956
59343
64025
83174
57495
54390
59136
54522
58407
60061
56913
55175
59761
59189
56257
59757
88966
54790
61922
58475
58275
76097
56588
58349
60075
58177
60317
52202
57506
58073
58634
58031
58609
59893
49330
59284
58537
56437
58980
59755
59987
58889
57443
60920
61327
62933
58350
60671
52662
58062
62932
61566
57513
58663
59024
59369
56378
73819
59242
58510
78363
59266
60840
58363
59891
58940
59195
58499
59644
65979
55490
57962
56451
56587
61750
55479
