54737
67940
50132
52359
52587
54571
58474
51569
52455
67087
52053
51080
52149
53547
53702
52012
55754
72275
52884
53490
52722
52797
49596
52827
52764
50674
51199
57486
53855
51944
53040
52953
52775
53827
55963
52321
52097
52730
53375
44197
52731
52270
53390
49391
53114
52482
50467
53562
51900
49686
51124
53923
53607
52622
49563
54178
63370
52766
55939
53772
51218
51434
41476
52732
52681
49694
41647
51903
52081
51251
49722
52411
52241
52434
52185
51752
52211
48598
56214
51970
63394
50416
53298
53013
49253
50552
42276
53874
56008
49774
51982
53454
52898
49779
52618
49608
53703
54322
53000
49807
