51547
51375
57202
53633
53249
53809
52099
53369
57546
51871
51861
57178
48543
51887
62221
52332
49152
51736
51738
52840
52801
49899
51277
53797
52821
51952
51991
53321
52026
76496
52070
52014
54553
50685
50954
53794
60735
55928
52669
53416
49360
52686
44245
53837
46899
52074
55422
53276
52589
53630
52028
50849
50829
53175
51984
50530
54132
53000
51655
49837
52850
51080
51703
51381
51448
42041
52252
51928
49972
52876
54538
76191
49947
43367
51171
56759
51255
51989
49796
50232
52668
56065
53107
52323
49772
52492
52691
49914
53734
50089
52824
53309
54282
69525
51718
50684
50478
51411
53252
52497
