440105
373177
353422
377544
351781
351021
355547
343576
342232
376444
344333
344856
340795
342575
339796
350609
353306
350050
358937
355639
360261
354726
356992
351780
348805
357049
351563
369189
354620
376341
357325
358864
354871
370553
358453
353360
353447
352278
349982
350882
348057
348909
351920
352530
350769
351468
352947
351003
347945
348900
350880
348503
347945
348470
353315
353846
349275
349487
367106
347671
362590
362466
363901
349037
349163
352923
350882
351341
349117
353137
352828
356268
351542
360159
371263
358409
371969
369073
381248
372595
367726
379911
340891
362703
367710
353254
353009
351367
350701
362145
356671
367749
371073
438188
380445
380216
353025
349280
356949
379266
