33887
26027
33694
30679
34263
29657
25988
28905
35413
22822
28960
18728
33279
29664
26937
26390
31560
20270
25992
32006
29425
31136
19823
26564
32971
19976
25570
27632
32199
26873
27731
27103
21939
22481
19342
32196
28650
28471
28360
27305
26406
29816
17547
20362
30201
29849
31778
29886
22500
25023
21266
19103
26564
27422
27421
20107
27729
29424
28559
28659
28055
18357
30597
26147
30393
29227
28935
26960
37881
37949
34040
34383
34234
33160
33666
25570
25582
24784
27649
28208
24727
24355
24555
29899
29520
29527
30823
28764
28859
29816
27871
29253
27947
29018
30074
27825
29251
29317
28567
28639
