31054
30999
27554
27076
26402
20218
25432
25510
22385
31986
30709
28298
45960
35821
37722
37584
28506
31802
19132
18358
31461
31283
31286
22863
30993
19386
26470
30916
26483
32853
27669
27106
30579
19265
32084
28897
28900
25353
19445
27411
26555
18779
26564
29417
22503
32790
28695
28821
29238
27688
20206
26597
27146
29692
18388
25777
26826
20543
28710
28907
27061
23838
20342
26982
22908
27634
28485
27162
26556
26688
26935
19015
24404
26880
20242
27218
24470
26707
27598
27445
26412
25629
28493
29228
31910
32200
27639
31583
31337
19710
19418
29513
26491
31969
27103
26744
28016
27124
27157
19613
