330360
268605
314407
301052
325206
313775
305202
335912
304245
298568
293561
283553
280424
278994
285582
305711
319207
316574
326457
315953
321709
320598
318803
298530
306358
326415
316873
315933
314422
317588
318862
300523
300220
297767
321552
287819
310704
289044
307669
307057
315762
317319
317776
296680
284649
281540
304948
280930
286615
286970
286631
289829
283752
280631
289891
324603
287375
304621
299323
307402
310992
336620
311820
300019
287922
295167
280785
281801
289568
313391
284546
300612
273251
293042
300440
285844
318592
290893
289475
272513
320939
324325
283940
307616
393435
301407
305290
297460
303476
310115
372084
290912
291935
319256
285920
289939
284244
281392
281249
279095
