28686
32660
26791
26526
27985
29837
19911
23175
27388
31070
27283
31676
30159
20774
19287
30764
26125
22553
29379
26693
36341
37128
37661
33351
36472
29295
18792
19389
28433
29509
29205
18707
31302
37019
19084
23736
25508
26286
30303
25300
31056
27253
19726
28561
18667
33798
23181
31072
28198
22597
22936
18975
28568
26000
25424
26530
20705
27783
27001
19196
26437
27449
19551
26429
28375
27212
28445
21106
18865
29312
21285
28764
19791
28704
28552
26702
25579
29233
19100
25765
28821
27439
20037
19166
27018
26139
29037
28419
20948
27694
26764
27026
28420
29775
19380
29025
26932
30353
28796
32999
