55509
55740
52929
73487
54594
59355
43792
47614
44126
43289
37535
45463
46655
44078
39269
37131
44470
45630
43358
62742
42408
68081
40006
36679
44088
43578
47673
62975
43047
39077
47411
44945
43343
44517
47679
46590
44520
58045
38360
47369
36980
43690
44739
43907
47090
36597
51468
44832
46711
41437
39656
36393
44361
52620
48785
47826
33849
62307
55645
51964
53572
53552
53750
56330
55062
50592
60747
68727
50501
50895
47452
51711
45155
52048
42628
48299
45906
43965
48332
37020
53746
54048
39695
48396
45459
48654
41084
45646
48562
47108
47814
48212
48813
53822
52710
55877
48507
48496
38608
49204
