38118
38151
34690
36617
39931
44260
43104
40764
42750
40624
41568
44175
41663
42396
41105
42041
43528
43106
39409
37178
42024
39927
43299
43258
43971
38792
28121
36789
25408
31130
27758
33032
27614
33110
29673
38871
32754
31386
29675
31512
34031
30787
33815
34996
28499
34523
37626
30989
30623
28963
32544
28491
33153
33315
32848
37529
29805
35440
23762
28773
29200
33075
36687
28969
33493
38785
37274
29625
27736
37461
24624
31059
30051
32543
28178
31721
32250
33162
33707
31559
32812
28093
32359
32956
34108
31591
31638
30342
32596
26085
34470
34739
31575
32908
30432
32814
34036
34061
32577
31900
