28120
20127
19301
18864
18873
18890
18276
32109
31766
25311
24869
23282
19507
30055
33450
26090
25778
24319
31106
25165
31981
30904
27393
20178
17832
29128
21455
18945
18917
18269
19063
19584
19466
18659
20473
19955
19595
18733
29256
27673
20644
27479
18198
18603
29858
20446
26170
28428
19265
23101
20083
20524
20230
20250
18295
18846
21255
19539
19518
18541
19315
36905
26806
27245
27966
27867
33297
19127
18956
18451
19810
20190
29887
19861
19732
24842
28137
19935
23147
18839
27448
24222
19060
20308
32091
21958
19710
24668
20275
19430
26380
25239
20105
28356
18894
26956
28510
19975
18923
19071
