52634
31510
29059
31025
46762
24910
37202
26612
25645
19149
29523
26234
36271
18926
27921
28762
36007
33394
28253
30468
33848
31116
30659
32589
29693
36229
30927
30624
30437
31047
32135
36737
40387
35600
33816
35675
30815
32136
32214
20344
24544
33462
24019
29897
28119
29091
17859
17601
19497
18525
18938
18813
18305
19823
26620
29577
25696
19499
24046
26304
26118
27105
27607
20987
26580
19871
20412
17979
19470
19065
18626
18774
19546
19509
19829
19131
19238
19109
26907
33059
22225
19284
19188
19642
27959
28427
24457
23930
31662
27742
31279
28324
28110
24204
24450
26146
19327
18265
18382
24853
