150825
143991
137324
146282
141122
146708
163706
152873
165541
146137
144018
145918
149633
180134
159396
160939
161028
151017
155510
181947
154383
157685
204359
172778
137989
161268
141674
148044
150087
162051
154475
136779
201938
138980
138287
146811
147491
144686
160746
155556
147380
155600
144671
141687
137545
145237
142783
153923
176537
180488
139411
145366
143396
147854
141079
146219
144160
143833
145714
188782
210181
167743
206640
175445
218930
143319
194304
151186
228883
151331
145832
149410
154627
156683
165003
151015
227128
248194
206100
179317
178797
178840
154323
149964
178393
158178
157537
243392
179634
152924
241808
153601
152795
176231
155252
230675
166228
208064
152746
242794
