31236
32944
27576
30653
32389
28319
35558
30746
33343
30147
30027
19517
27162
31189
25221
32962
32887
23335
23407
18694
18401
31128
27866
30347
46969
32563
32822
22196
18894
18819
30514
22731
28744
29263
27528
32075
19653
28705
31600
22695
31823
36289
20164
18953
27210
26416
29058
27124
27224
27264
25394
25677
25657
19471
26464
28425
23089
25885
26743
26070
30315
27970
28154
19857
19630
27675
28822
29375
28987
30055
25002
20540
27223
28619
28488
28380
28011
26300
29699
27029
25407
24210
26990
15371
29097
26393
18597
24807
27303
27075
19773
28041
27404
24849
27781
27117
29250
27061
25064
26046
